[mysorepak.webp]
filters=Vignette=1,34.502922,1.596491,0.000000,00000000;
moddate=0cd9370c16b8d501
width=810
height=540
textactive=0
